>> A = [0.6166 0.6154,0.6154 0.7166]

A =

    0.6166    0.6154    0.6154    0.7166

>> A = [0.6166 0.6154;0.6154 0.7166]

A =

    0.6166    0.6154
    0.6154    0.7166

>> eig(A)

ans =

    0.0492
    1.2840

>> eig(A,'Matrix')

ans =

    0.0492         0
         0    1.2840

>> [V,D] = eig(A)

V =

   -0.7352    0.6779
    0.6779    0.7352


D =

    0.0492         0
         0    1.2840

>> 